445 0.0 0.0 150.0
504 0.0 0.0 150.0
401 0.0 0.0 150.0
518 0.0 0.0 150.0
527 0.0 0.0 150.0
542 0.0 0.0 150.0
507 0.0 0.0 150.0
562 0.0 0.0 150.0
585 0.0 0.0 150.0
419 0.0 0.0 150.0
526 0.0 0.0 150.0
604 0.0 0.0 150.0
466 0.0 0.0 150.0
492 0.0 0.0 150.0
474 0.0 0.0 150.0
546 0.0 0.0 150.0
517 0.0 0.0 150.0
410 0.0 0.0 150.0
551 0.0 0.0 150.0
516 0.0 0.0 150.0
467 0.0 0.0 150.0
426 0.0 0.0 150.0
436 0.0 0.0 150.0
547 0.0 0.0 150.0
405 0.0 0.0 150.0
580 0.0 0.0 150.0
560 0.0 0.0 150.0
550 0.0 0.0 150.0
549 0.0 0.0 150.0
540 0.0 0.0 150.0
491 0.0 0.0 150.0
529 0.0 0.0 150.0
421 0.0 0.0 150.0